411932160813009099596968768
206223842814678119689155352
1165583303451951244969522412
1002638044019331153011927866
233816287586745360041206385
483623870296143976342607254
1050310990517875188131549500
917725109633944027616930084
940186852470384684271100101
1185781701307454372629841483
820560905753503539733461089
240493137234590661355383771
688598200720113198366445967
829663810480040290624352755
637685049999056289625506058
709802940709581207416077236
666854736531769210075111106
1174434140638890980975787143
363764422762837505032517982
277772371335696186234142429
1191018740036282916845174318
722264000807056562031277782
766987517082059707231860984
811943911834193178505266378
883457011458449275313902574
954598973612992820603101052
887883440513839616955446779
317537178979620651851826765
1210130210346021013288750985
854201742728924212893811255
184710422507839712390485789
105544720123187807500065889
331023808952188511017342875
360753437644216812621871870
221653414255353369348339102
68277580053139910520075776
82341906981058660949980532
367745944087605010243614868
301257361011568893954993341
852906026237816654058084639
128202333168297688467525158
301779854679546602009826969
600458191536860483185909449
786881079658369788002881642
1139685457689098666026089640
158298906158964766453158173
992328283942144699580406991
196635672069276344141483156
1091441923343258427560059421
262710869423944220446160008
83239505561924900526734354
299613600810755699752373627
174168655300802157741935842
923582443079642672001527205
550759358139708604277656498
753797574205607940592938385
568487970226498117892751124
903781830781517993245948978
57539759117318738717717614
485754745177424980219202194
909624071387635104101390614
965253095439991730727669232
475657621959355568079940474
106177278470117836294639524
982017862155679179751510573
279266373235701075526448485
459300965550262519882995960
46519446052525795122645311
225779646103550983346623896
963474101795368940401027141
1087542063394463969767328029
503596208456450876081126903
549917285077238243910529138
1192320517696502894652063460
749672991483493936647866722
882814678218302388677829026
739854598920812079469590160
407274572677529179720211450
1237093131416207319822591416
965829800821200772643192417
1098824294285732232129137784
257618775382860052144612776
738049954247558147301410295
523361109907488786546603186
742019564319343924610957595
62950677228043172425481552
844891243558179500123095305
490920704290570235227071909
894181515263133384368860639
799953668546750403320988010
343212017156409028412243218
571757041803707231995502076
441480994058568755819307303
786624011797719648704609532
165705181598250574952238505
87526096238651280335932257
653986960148459549718671670
84079681912540595437280738
898890585008121578121182631
265910902642054747512047728
